[gd_scene load_steps=4 format=3 uid="uid://c18woqs77taft"]

[ext_resource type="Script" path="res://scipt/Player.gd" id="1_7v27u"]
[ext_resource type="PackedScene" uid="uid://32b27sp6sokj" path="res://models/Robutt.glb" id="2_7sl7g"]

[sub_resource type="CapsuleShape3D" id="CapsuleShape3D_8npj1"]

[node name="Player" type="CharacterBody3D" node_paths=PackedStringArray("body", "lbl_water", "lbl_seeds", "lbl_give_water", "lbl_plant")]
transform = Transform3D(1, 0, 0, 0, 1, 0, 0, 0, 1, 0, 1, 0)
collision_layer = 2
collision_mask = 5
script = ExtResource("1_7v27u")
body = NodePath("Robutt")
lbl_water = NodePath("UI/Lbl-Water")
lbl_seeds = NodePath("UI/Lbl-Seeds")
lbl_give_water = NodePath("UI/Lbl-give-water")
lbl_plant = NodePath("UI/Lbl-plant")

[node name="Hitbox" type="CollisionShape3D" parent="."]
shape = SubResource("CapsuleShape3D_8npj1")

[node name="Robutt" parent="." instance=ExtResource("2_7sl7g")]
transform = Transform3D(1, 0, 0, 0, 1, 0, 0, 0, 1, 0, -0.938503, 0)

[node name="UI" type="Node3D" parent="."]

[node name="Lbl-Seeds" type="Label3D" parent="UI"]
transform = Transform3D(1, 0, 0, 0, 0.707107, 0.707107, 0, -0.707107, 0.707107, 0.264689, 1.15394, 0)
modulate = Color(0.0627451, 0.603922, 0, 1)
outline_modulate = Color(0.560784, 0.317647, 0.211765, 1)
text = "0"

[node name="Lbl-Water" type="Label3D" parent="UI" groups=["player"]]
transform = Transform3D(1, 0, 0, 0, 0.707107, 0.707107, 0, -0.707107, 0.707107, -0.22703, 1.15394, 0)
modulate = Color(0.121569, 0.529412, 0.760784, 1)
outline_modulate = Color(0.337255, 0.121569, 1, 1)
text = "0"

[node name="Lbl-plant" type="Label3D" parent="UI"]
transform = Transform3D(1, 0, 0, 0, 0.707107, 0.707107, 0, -0.707107, 0.707107, 0, 0.384406, 0.748422)
text = "X :Plant"

[node name="Lbl-give-water" type="Label3D" parent="UI"]
transform = Transform3D(1, 0, 0, 0, 0.707107, 0.707107, 0, -0.707107, 0.707107, 0, -0.0161836, 0.782379)
text = "C :Water"
